30450	90
30451	0
30452	135
30453	135
30454	45
30455	-1
30459	-1
30460	90
30461	0
30462	135
30463	135
30464	45
30465	90
30466	0
30467	135
30468	135
30469	45
30470	45
30471	-1
30473	90
30474	0
30477	135
30480	135
30481	45
30482	45
30484	45
30485	90
30486	0
30487	135
30488	45
30489	-1
30490	90
30493	90
30494	0
30495	135
30496	135
30497	45
30499	90
30567	90
30568	0
30570	135
30571	45
30575	-1
30577	90
30578	90
30579	0
30580	0
30581	135
30582	135
30586	90
30587	0
30589	135
30590	135
30591	45
30592	45
30593	-1
30595	90
30596	90
30597	0
30598	0
30600	135
30602	135
30607	135
30608	45
30610	90
30611	0
30612	135
30614	45
30616	45
30618	-1
30620	90
30621	0
30622	0
30623	135
30624	45
30625	90
30626	90
30627	0
30629	135
30630	135
30632	45
30633	45
30634	-1
30635	-1
30636	90
30637	0
30638	135
30639	45
30641	45
30642	45
30643	45
30648	90
30649	0
30650	135
30651	45
30652	-1
30653	90
30654	0
30655	135
30656	45
30657	90
30658	0
30659	135
30660	45
30666	45
30667	-1
30668	90
30672	0
30673	135
30674	45
30675	45
30676	90
30677	0
30678	135
30679	135
30680	45
30682	-1
30684	90
30686	0
30687	135
30688	135
30690	45
30693	90
30694	0
30695	135
30696	135
30697	45
30698	-1
30699	-1
30701	90
30730	90
30731	0
30732	135
30733	135
30734	45
30735	90
30736	0
30737	135
30738	45
30739	-1
30740	90
30741	90
30742	0
30743	0
30744	135
30745	135
30749	45
30754	45
30769	-1
30770	90
30778	90
30779	0
30780	0
30783	135
30784	135
30785	45
30787	45
30788	-1
30808	-1
30809	90
30810	90
30811	90
30812	0
30813	0
30815	135
30816	135
30818	45
30821	45
30822	-1
30823	-1
30824	90
30826	90
30827	90
30829	0
30830	0
30833	0
30834	135
30835	135
30836	45
30838	45
30839	-1
30840	90
30841	90
30842	90
30843	0
30844	0
30847	135
30848	135
30855	45
30856	45
30857	-1
30858	90
30859	90
30888	-1
30889	90
30890	0
30891	90
30893	0
30895	135
30896	135
30898	45
30899	45
30900	-1
30902	90
30903	90
30920	90
30923	0
30924	0
30926	135
30927	135
30928	45
30929	45
30930	-1
30947	90
30951	90
30952	90
30953	0
30954	0
30955	135
30956	135
30957	45
30958	45
30959	-1
30961	90
30962	90
30963	0
30964	0
30965	135
30966	135
30980	-1
30981	-1
30982	-1
30992	-1
30993	45
30994	45
30995	90
30996	90
30998	0
30999	0
31000	0
31001	135
31002	135
31003	45
31004	45
31005	-1
31018	-1
31023	-1
31029	90
31031	0
31032	135
31034	45
31036	-1
31046	90
31049	-1
31050	-1
31051	-1
31052	-1
31053	-1
31054	-1
31055	-1
31056	-1
31057	-1
40686	-1
40701	45
40856	135
40857	45
40858	45
40859	-1
40860	0
40861	-1
40865	90
40869	135
40881	135
40883	45
40884	-1
40893	0
40894	0
40895	90
40896	135
40902	135
40907	45
40911	45
40915	45
40931	-1
40933	0
40934	90
40941	135
40943	135
40945	135
40946	45
40947	-1
40948	0
40949	0
40950	90
40951	135
40967	-1
40968	-1
40975	45
40978	-1
40981	0
40982	0
40984	90
40985	135
40986	135
40987	45
40988	45
40992	-1
40993	0
40994	0
40995	90
40996	90
40997	135
40999	135
41000	45
41002	0
41003	90
41005	135
41006	-1
41007	-1
41008	-1
41041	135
41044	135
41046	135
41048	135
41069	135
41070	45
41073	-1
41074	0
41075	90
41077	135
41078	45
41079	45
41080	-1
41084	0
41085	90
41088	90
41089	135
41097	45
41099	45
41100	-1
41102	0
41106	90
41107	135
41108	45
41110	45
41111	-1
41112	0
41113	0
41114	0
41116	0
41117	90
41118	90
41119	90
41120	135
41122	-1
41124	-1
41128	135
41130	135
41131	135
41132	45
41133	-1
41134	0
41135	90
41136	135
41137	45
41138	-1
41139	0
41141	90
41142	135
41143	45
41144	-1
41145	0
41147	90
41148	135
41149	45
41150	-1
41151	0
41152	90
41172	135
41173	45
41174	45
41175	45
41178	45
41180	-1
41186	0
41187	90
41197	135
41202	135
41203	45
41204	0
41205	-1
41206	0
41207	135
41208	45
41209	45
41210	45
41211	-1
41212	0
41213	90
41214	135
41215	45
41216	-1
41217	0
41218	90
41220	90
41221	135
41222	135
41225	45
41245	-1
41246	0
41247	90
41249	90
41250	135
41251	45
41252	45
41253	-1
41254	0
41255	90
41256	135
41257	45
41258	45
41259	-1
41260	0
41261	0
41264	0
41265	90
41267	90
41268	135
41273	135
41274	45
41275	45
41276	-1
41280	0
41282	90
41287	0
41288	90
41290	135
41291	45
41292	-1
41293	0
41294	90
41295	135
41373	135
41374	135
41376	45
41378	45
41379	-1
41380	-1
41383	0
41384	90
41385	135
41388	-1
41425	45
41426	0
41427	90
41428	135
41429	45
41430	-1
41432	-1
41433	0
41434	90
41435	135
41440	135
41441	45
41442	-1
41444	0
41445	90
41447	-1
41450	-1
41451	90
41452	135
41453	45
41454	-1
41455	0
41456	0
41457	90
41458	135
41461	135
41464	45
41465	45
41466	-1
41467	0
41469	90
41470	90
41471	135
41472	45
41473	-1
41474	0
41475	90
41477	135
41479	135
41482	45
41483	45
41484	-1
41485	0
41486	90
41487	135
41488	45
41489	-1
41490	0
41491	90
41492	135
41493	45
41494	-1
41495	0
41496	90
41499	90
41508	0
41509	0
41510	90
41511	135
41528	45
41530	-1
41531	0
41541	90
41542	135
41543	45
41544	-1
41545	0
41546	90
41548	135
41564	45
41565	-1
41566	0
41570	0
41571	90
41572	90
41573	135
41574	45
41575	45
41576	-1
41577	0
41578	0
41579	0
41580	90
41581	135
41582	45
41583	45
41584	-1
41585	0
41586	90
41590	135
41592	45
41598	-1
41605	0
41606	90
41607	135
41609	45
41624	-1
41627	0
41628	0
41629	90
41630	90
41632	135
41831	0
41832	90
41833	90
41834	90
41835	135
41836	135
41860	135
41862	45
41863	-1
41864	0
41871	0
41872	0
41873	90
41874	90
41876	135
41877	45
41878	-1
41879	0
41880	90
41884	90
41885	90
41886	135
41887	45
41888	-1
41889	0
41896	0
41897	90
41898	135
41917	45
41918	45
41919	45
41936	0
41938	90
41941	90
41942	135
41956	135
41976	45
41977	-1
41978	0
41979	0
41980	90
41985	90
41989	90
42006	90
42007	135
42009	-1
42010	-1
42011	0
42012	0
42013	90
42014	135
42015	45
42016	-1
42017	0
42027	0
42028	90
42029	135
42030	45
42031	-1
42032	0
42033	0
42034	90
42037	90
42038	90
42039	135
42040	135
42041	45
42043	45
42044	45
42045	-1
42055	0
42056	0
42057	0
42058	90
42059	135
42075	135
42076	135
42077	135
42080	45
42101	45
42102	-1
42103	0
42104	0
42117	90
42118	90
42119	135
42120	135
42121	45
42122	45
42123	-1
42124	-1
42125	-1
42132	135
42133	135
42134	135
42135	45
42137	45
42138	-1
42144	135
42145	135
42146	45
42147	45
42149	45
42150	45
42151	-1
42153	-1
42154	0
42155	90
42156	90
42157	135
42158	135
42173	135
42182	45
42183	45
42184	45
42185	-1
42186	0
42187	0
42188	90
42193	-1
42221	-1
42234	90
42236	90
42237	135
42239	135
42241	45
42242	45
42243	45
42245	45
42246	-1
42247	-1
42248	0
42249	0
42250	0
42251	0
42252	90
42253	90
42254	135
42255	45
42256	-1
42257	0
42258	90
42259	90
42260	135
42261	135
42262	45
42263	-1
42264	0
42265	0
42266	90
42267	135
42268	45
42269	-1
42270	0
42271	90
42272	90
42273	135
42274	45
42276	-1
42277	0
42278	90
42279	135
42280	45
42281	-1
42282	0
42320	135
42321	45
42322	-1
42323	0
42346	90
42347	90
42348	135
42349	45
42350	-1
42351	0
42352	90
42374	90
42381	135
42382	45
42383	-1
42384	0
42385	90
42386	135
42387	45
42388	-1
42389	0
42390	90
42395	90
42397	90
42398	135
42399	135
42400	45
42401	-1
42402	0
42403	90
42404	90
42420	135
42421	45
42422	-1
42423	0
42424	90
42425	135
42426	45
42427	-1
42428	0
42429	90
42432	135
42433	135
42434	45
42436	-1
42437	0
42438	90
42439	135
42442	45
42443	-1
42444	0
42445	90
42446	135
42447	45
42448	-1
42457	-1
42459	0
42460	90
42480	135
42481	45
42482	-1
42483	0
42484	0
42485	90
42486	135
42495	45
42496	45
42500	-1
42501	0
42502	90
42503	135
42504	45
42505	-1
42506	0
42507	0
42512	0
42513	90
42514	135
42545	135
42546	45
42547	-1
42550	0
42551	90
42552	135
42553	45
42554	-1
42555	-1
42556	-1
42557	0
42558	0
42559	0
50685	-1
50697	0
50698	0
50699	90
50700	-1
50701	0
50702	0
50703	135
50704	135
50705	45
50706	45
50707	0
50709	-1
50710	-1
50712	0
50715	0
50716	90
50726	0
50727	90
50728	135
50729	135
50733	45
50737	45
50738	45
50739	-1
50740	0
50741	90
50742	90
50743	135
50744	135
50745	135
50746	45
50750	45
50751	-1
50752	0
50753	0
50754	0
50755	90
50756	135
50757	135
50758	45
50759	45
50768	-1
50770	-1
50771	0
50772	90
50773	135
50774	45
50775	45
50783	-1
50784	-1
50785	0
50786	0
50787	90
50797	135
50798	135
50799	135
50801	45
50802	45
50804	-1
50806	0
50807	0
50808	90
50809	135
50810	45
50811	45
50812	-1
50813	0
50814	90
50815	135
50816	45
50817	45
50835	-1
50836	0
50837	0
50838	0
50839	0
50840	90
50841	135
50847	45
50856	-1
50857	-1
50858	-1
50859	-1
50860	0
50864	0
50904	0
50905	90
50907	90
50908	90
50909	90
50911	90
50913	135
50914	135
50915	135
50916	45
50917	45
50919	45
50927	135
50928	45
50929	-1
50930	0
50931	0
50932	90
50933	90
50934	135
50935	45
50936	-1
50937	0
50939	0
50940	90
50941	135
50942	135
50943	135
50944	45
50945	-1
50946	0
50947	0
50948	0
50950	0
50951	90
50952	135
50955	135
50956	45
50958	45
50959	-1
50961	0
50979	0
50981	90
50982	135
50983	45
50984	45
50985	-1
50986	0
50987	0
51017	90
51018	90
51019	135
51020	135
51027	45
51028	45
51029	-1
51030	0
51031	0
51032	90
51033	90
51034	135
51035	45
51037	-1
51038	0
51039	90
51040	45
51041	135
51045	-1
51046	0
51047	0
51048	90
51049	90
51050	45
51051	45
51052	135
51053	-1
51054	0
51055	90
51056	45
51057	135
51058	135
51059	135
51060	-1
51061	-1
51062	0
51063	0
51064	0
51065	0
51066	90
51067	45
51068	135
51069	-1
51070	-1
51071	0
51072	0
51073	0
51074	90
51075	45
51076	45
51077	135
51078	-1
51079	-1
51095	0
51096	90
51097	45
51098	135
51099	-1
51100	0
51101	90
51114	90
51115	45
51116	135
51117	135
51118	-1
51119	0
51140	-1
51142	0
51143	90
51145	90
51150	45
51151	135
51152	135
51153	-1
51154	0
51155	90
51156	45
51157	135
51158	-1
51159	-1
51160	0
51161	90
51162	45
51163	135
51164	135
51165	-1
51166	0
51167	90
51169	45
51170	45
51171	135
51172	-1
51173	-1
51174	0
51175	90
51176	45
51177	135
51178	-1
51179	0
51192	90
51193	45
51194	135
51195	-1
51196	-1
51198	0
51199	90
51200	45
51201	135
51202	135
51203	-1
51204	0
51205	0
51209	0
51210	90
51212	90
51213	45
51214	135
51224	-1
51225	0
51226	90
51227	45
51228	45
51233	135
51234	135
51235	-1
51236	0
51237	0
51248	90
51249	45
51250	45
51251	135
51252	135
51253	-1
51254	0
51256	90
51260	45
51261	45
51262	135
51263	135
51264	-1
51265	0
51266	0
51267	90
51268	90
51269	45
51270	45
51271	45
51272	135
51273	135
51282	-1
51283	0
51284	90
51285	90
51286	45
51287	135
51288	-1
51289	0
51290	90
51291	45
51292	135
51293	135
51295	-1
51296	0
51302	0
51303	90
51304	90
51305	45
51306	45
51309	135
51310	135
51311	-1
51312	0
51313	0
51314	90
51315	90
51316	45
51317	135
51318	135
51319	-1
51321	0
51322	90
51323	90
51324	45
51325	45
51326	45
51327	135
51328	-1
51329	0
51331	0
51332	0
51333	90
51335	45
51336	45
51337	135
51362	135
51363	135
51364	-1
51365	0
51366	90
51367	90
51368	45
51369	45
51384	0
51386	90
51387	90
51388	45
51389	45
51390	135
51391	-1
51392	-1
51393	-1
51394	0
51395	90
51396	45
51397	45
51398	135
51399	-1
51400	-1
51401	-1
51402	0
51408	90
51409	45
51410	135
51426	135
51427	-1
51431	-1
51432	-1
51433	-1
51434	0
51435	90
51436	45
51437	135
51438	-1
51440	-1
51441	-1
51442	0
51443	90
51444	45
51445	135
51446	-1
51447	-1
51448	-1
51449	0
51450	0
51451	90
51453	90
51454	45
51455	135
51456	-1
51457	-1
51497	0
51498	90
51499	45
51500	45
51502	45
51503	135
51504	135
51505	-1
51506	0
51507	0
51508	90
51510	45
51511	135
51512	135
51513	-1
51514	0
51515	0
51516	90
51517	90
51518	45
51519	45
51520	135
51521	135
51522	-1
51523	-1
51524	-1
51537	0
51539	0
51540	90
51542	90
51543	45
51544	45
51545	135
51558	-1
51559	0
51560	0
51561	90
51562	90
51563	45
51564	45
51565	135
51566	-1
51567	0
51568	0
51569	90
51570	90
51571	45
51572	45
51573	135
51574	135
51575	-1
51576	0
51577	0
51578	90
51579	90
51580	45
51581	45
51582	135
51583	135
51585	-1
51586	0
51587	0
51589	90
51590	90
51591	45
51592	45
51593	135
51594	135
51595	-1
51596	0
51597	0
51598	90
51599	90
51600	45
51601	45
51602	135
51603	135
51618	-1
51619	0
51628	0
51629	0
51630	90
51631	90
51632	45
51633	45
51634	45
51635	135
51636	135
51637	-1
51638	0
51683	0
51685	0
51686	0
51687	0
51722	90
51723	90
51724	90
51725	45
51726	45
51727	135
51728	135
51729	-1
51730	0
51731	0
51732	90
51733	90
51734	45
51735	45
51748	45
51749	135
51762	135
51763	135
51764	135
51765	-1
51766	0
51767	0
51768	90
71350	135
71351	-1
71352	-1
71353	45
71354	0
71355	90
71356	135
71358	-1
71362	90
71363	90
71364	135
71365	45
71368	0
71369	90
71370	0
71371	135
71372	45
71373	45
71375	-1
71377	0
71378	90
71382	90
71395	90
71396	90
71400	135
71401	45
71402	-1
71404	0
71405	90
71406	135
71428	135
71429	45
71430	45
71431	45
71432	-1
71462	45
71463	45
71464	45
71465	-1
71466	0
71467	90
71468	135
71469	45
71470	45
71472	-1
71473	-1
71474	0
71475	90
71477	45
71478	45
71482	-1
71483	0
71484	90
71485	135
71486	45
71487	45
71490	-1
71491	-1
71492	0
71493	0
71494	90
71497	135
71498	45
71500	-1
71501	0
71502	90
71510	135
71511	45
71512	45
71514	-1
71515	0
71516	90
71517	135
71518	45
71519	-1
71520	-1
71521	0
71522	90
71524	135
71525	135
71526	45
71527	-1
71528	0
71529	90
71530	135
71535	45
71536	-1
71537	0
71538	90
71539	135
71540	45
71543	45
71544	-1
71545	0
71550	45
71551	-1
71553	0
71554	90
71556	135
71557	45
71558	-1
71559	0
71560	90
71561	135
71562	45
71563	45
71585	45
71586	-1
71587	-1
71588	0
71589	90
71590	90
71591	135
71592	135
71593	135
71594	45
71596	-1
71597	0
71598	90
71603	90
71612	90
71614	90
71615	135
71617	135
71618	135
71619	45
71623	-1
71625	45
71626	0
71627	90
71628	135
71629	45
71630	-1
71631	0
71632	0
71635	90
71637	90
71638	135
71640	-1
71641	0
71643	90
71644	135
71645	45
71646	-1
71647	0
71648	0
71649	90
71652	90
71653	135
71654	45
71655	-1
71656	0
71658	90
71661	45
71662	45
71663	-1
71666	0
71667	0
71668	90
71669	135
71670	45
71672	45
71674	-1
71675	0
71676	90
71677	135
71678	45
71679	-1
71680	0
71681	90
71683	45
71684	-1
71685	-1
71686	-1
71687	-1
71689	0
71690	0
71691	0
71692	0
71693	90
71694	90
71695	90
71696	135
71697	135
71698	135
71699	45
71700	45
71701	-1
71703	-1
71704	0
71705	0
71714	0
71715	90
71716	90
71717	90
71718	135
71719	135
71721	135
71722	45
71724	45
71725	-1
71727	-1
71728	-1
71729	0
71734	0
71735	0
71736	90
71737	90
71739	135
71740	135
71742	135
71743	45
71747	45
71748	45
71751	-1
71752	-1
71753	-1
71754	0
71755	0
71757	90
71758	90
71759	135
71760	135
71761	45
71762	45
71763	-1
71765	-1
71766	-1
71767	0
71768	0
71769	90
71770	90
71772	90
71773	135
71774	135
71775	45
71776	45
71777	-1
71778	-1
71780	0
71781	0
71782	90
71783	90
71784	135
71785	135
71786	45
71789	45
71790	-1
71791	-1
71792	0
71793	0
71794	90
71795	90
71800	90
71806	135
71807	135
71808	135
71809	45
71810	45
71813	45
71814	-1
71815	-1
71817	0
71819	0
71820	90
71821	90
71822	135
71823	135
71824	45
71825	45
71826	45
71827	45
71830	-1
71831	0
71832	0
71833	90
71834	90
71835	90
71836	90
71837	135
71838	135
71839	45
71840	45
71841	-1
71842	0
71846	-1
71847	0
71848	0
71849	0
71850	0
71851	90
71852	90
71853	90
71854	90
71855	135
71863	135
71864	135
71865	135
71867	135
71868	45
71869	45
71870	45
71871	-1
71872	-1
71873	0
71875	0
71876	90
71877	90
71878	135
71879	135
71880	45
71881	45
71882	-1
71883	-1
71884	0
71885	0
71886	90
71887	90
71888	135
71889	135
71890	45
71891	45
71892	-1
71894	-1
71895	0
71896	0
71897	90
71898	90
71899	135
71904	135
71905	135
71906	45
71907	45
71908	45
71909	-1
71910	-1
71911	0
71912	0
71913	90
71916	90
71918	90
71919	135
71920	135
71921	45
71922	45
71923	-1
71924	-1
71925	0
71926	0
71927	90
71933	90
71934	135
71935	135
71936	45
71937	45
71938	-1
71939	-1
71940	0
71942	0
71943	90
71944	90
71945	135
71946	135
71947	45
71949	45
71950	-1
71951	-1
71952	0
71953	0
71968	0
71969	90
71970	90
71971	135
71972	135
71973	45
71976	-1
71977	-1
71978	0
71979	0
71980	90
71981	90
71982	90
71990	135
71991	135
71992	135
71993	135
71994	45
71999	45
72003	45
72004	-1
72005	-1
72007	0
72008	0
72009	90
72010	90
72011	135
72012	135
72013	45
72014	45
72016	45
72017	-1
72018	-1
72019	0
72031	-1
72033	-1
72034	45
72036	45
72037	45
72038	0
72039	0
72040	90
72041	90
72042	135
72043	135
72045	135
72046	45
72047	45
72048	45
72050	45
72052	45
72053	-1
72055	-1
72056	-1
72057	0
72058	0
72059	0
72060	0
72061	0
72062	90
72063	90
72064	135
72065	135
72066	135
72067	45
72068	45
72070	-1
72071	-1
72073	0
72074	0
72075	90
72076	90
72077	135
72078	135
72079	45
72080	45
72081	45
72082	45
72083	-1
72084	-1
72085	0
72086	0
72087	90
72089	90
72090	135
72091	135
72092	45
72094	45
72095	45
72099	-1
72100	-1
72101	-1
72102	0
72103	-1
72105	90
72106	90
72107	135
72108	135
72109	45
72110	-1
72111	-1
72112	0
72114	0
72116	90
72117	90
72118	90
72119	135
72120	135
72121	45
72122	45
72124	-1
72125	0
72126	0
72127	90
72128	90
72129	90
72130	135
72131	135
72132	135
72133	45
72134	45
72135	45
72136	-1
72137	-1
72138	0
72141	0
72142	90
72144	90
72145	135
72146	135
72147	45
72148	45
72149	45
72151	-1
72154	-1
72155	-1
72156	0
72157	0
72158	90
72159	90
72160	135
72162	135
72164	45
72165	45
72166	-1
72167	-1
72168	0
72169	0
72172	0
72173	90
72175	90
72176	135
72177	135
72178	135
72179	45
72180	45
72181	45
72182	-1
72184	-1
72185	-1
72186	-1
72188	0
72189	0
72190	90
72191	90
72193	135
72194	135
72195	45
72196	45
72197	-1
72238	-1
72239	-1
72241	-1
72243	-1
72245	-1
72246	0
72247	0
72248	0
72249	0
72250	0
72251	0
72256	90
72257	90
72258	135
72259	135
72260	45
72261	45
72262	45
72263	-1
72264	0
72265	0
72266	90
72267	90
72272	135
72273	45
72274	45
72280	45
72281	-1
72282	-1
72283	0
72284	0
72285	90
72293	90
72294	135
72295	135
72296	135
72297	45
72298	45
72299	-1
72301	-1
72302	0
72303	0
72362	135
72363	45
72364	45
72365	-1
72366	-1
72367	0
72368	0
72369	90
72370	135
72371	135
72372	135
72374	135
72375	45
72376	45
72377	-1
72378	-1
72379	0
72380	0
72381	90
72383	90
72385	135
72386	135
72387	45
72388	45
72389	-1
72390	-1
72391	0
72392	0
72393	90
72394	90
72395	135
72396	135
72398	45
72399	45
72401	-1
72403	-1
72404	0
72405	0
72406	90
72407	90
72408	135
72409	135
72410	45
72411	45
72412	45
72413	-1
72414	-1
72416	0
72418	135
72419	135
72420	45
72422	45
72423	90
72424	90
72426	-1
72427	0
72428	0
72431	0
72434	90
72435	90
72645	-1
72646	-1
72649	-1
72650	0
72651	0
72653	0
72654	0
72655	90
72656	90
72657	135
72658	135
72659	45
72661	45
72662	45
72663	-1
72665	-1
72666	0
72667	0
72668	0
72669	90
72670	90
72672	90
72673	135
72676	135
72677	135
72678	45
72679	45
72680	45
72684	45
72686	0
72688	0
72689	0
72690	0
72695	0
72702	0
72703	90
72704	90
72705	90
72707	90
72708	135
72710	135
72713	135
72714	135
72715	45
72717	45
72719	45
72720	-1
72721	-1
72722	0
72723	0
72725	90
72726	90
72728	90
72729	90
72730	135
72731	135
72732	45
72733	45
72734	-1
72736	0
72737	0
72738	0
72739	90
72740	90
72741	90
72742	135
72743	135
72744	135
72745	45
72746	45
72747	-1
72748	-1
72749	0
72750	0
72751	0
72752	90
72753	90
72754	135
72756	45
72757	45
72759	135
72760	-1
72761	0
72762	0
72763	0
72768	90
72770	90
72771	135
72772	135
72773	45
72774	45
72775	-1
72776	0
72778	0
72779	0
72780	90
72781	90
72782	90
72783	135
72785	135
72786	135
72788	135
72789	135
72790	45
72791	45
72792	-1
72793	-1
72794	0
72795	0
72796	90
72797	90
72798	135
72799	135
72800	45
72801	45
72811	90
72812	135
72813	135
72814	45
72815	45
72816	45
72822	-1
72823	-1
72824	0
72825	0
72826	90
72827	90
72828	135
72829	135
72830	45
72831	45
72832	-1
72833	-1
72834	-1
72835	0
72836	0
72837	90
72838	90
72840	90
72841	135
72842	135
72843	45
72844	45
72845	45
72846	-1
72847	-1
72848	0
72849	0
72850	90
72851	90
72852	135
72854	135
72855	45
72857	45
72858	-1
72859	0
72860	0
72861	0
72862	0
72863	90
72864	90
72867	90
72868	135
72869	135
72870	135
72871	45
72872	45
72878	0
72879	0
72880	90
72881	90
72882	135
72883	135
72887	135
72888	135
72889	45
72890	45
72897	45
72909	45
72910	45
72911	-1
72912	-1
72916	0
72917	0
72919	0
72920	90
72921	90
72922	90
72923	135
72924	135
72925	135
72926	-1
72927	-1
72928	45
72929	45
72930	0
72944	45
72946	-1
72947	0
72948	0
73038	-1
73039	0
73040	0
73041	0
73042	90
73043	90
73044	90
73045	135
73047	135
73048	135
73049	135
73050	135
73051	45
73052	45
73053	45
73054	-1
73055	0
73056	0
73057	0
73058	90
73059	90
73060	135
73061	135
73062	45
73063	45
73064	45
73065	-1
73066	0
73067	0
73068	90
73069	90
73070	135
73071	135
73072	135
73073	45
73074	45
73075	45
73076	-1
73077	-1
73078	0
73079	0
73081	0
73082	0
73083	90
73085	90
73086	135
73087	135
73088	45
73089	45
73090	45
73092	-1
73093	0
73094	0
73095	90
73096	90
73099	90
73102	135
73104	135
73108	45
73112	45
73115	-1
73116	-1
73117	0
73118	0
73119	90
73120	90
73121	135
73122	135
73123	45
73124	45
73125	45
73126	45
73127	-1
73129	-1
73130	0
73131	0
73132	0
73143	90
73144	90
73145	135
73146	135
73147	45
73148	45
73149	-1
73150	-1
73151	0
73160	0
73161	0
73162	0
73163	90
73164	90
73165	135
73166	135
73167	45
73168	45
73169	-1
73171	0
73172	0
73173	90
73174	90
73175	135
73176	135
73177	135
73178	45
73179	45
73180	-1
73182	0
73183	0
73184	90
73185	90
73186	90
73187	90
73188	135
73190	135
73191	45
73207	45
73208	45
73209	-1
73210	0
73211	0
73212	90
73213	90
73214	135
73215	135
73217	45
73218	45
73219	-1
73220	-1
73222	0
73223	0
73224	0
73225	90
73226	90
73227	135
73228	135
73229	135
73230	45
73231	45
73260	0
73261	-1
73262	-1
73263	0
73266	0
